#Layer_Color=32768
#
#Feature symbol names
#
$0 r4.7
$1 r4.7244

#
#Feature attribute names
#

#
#Layer features
#
A 1.2403023 2.3622047 1.2403023 2.3622047 1.1811024 2.3622047 0 P 0 N
A 1.2403023 2.7559055 1.2403023 2.7559055 1.1811024 2.7559055 0 P 0 N
A 1.2403023 3.1496063 1.2403023 3.1496063 1.1811024 3.1496063 0 P 0 N
A 1.2403023 3.5433071 1.2403023 3.5433071 1.1811024 3.5433071 0 P 0 N
A 1.4371527 2.3622047 1.4371527 2.3622047 1.3779528 2.3622047 0 P 0 N
A 1.4371527 2.7559055 1.4371527 2.7559055 1.3779528 2.7559055 0 P 0 N
A 1.4371527 3.1496063 1.4371527 3.1496063 1.3779528 3.1496063 0 P 0 N
A 1.4371527 3.5433071 1.4371527 3.5433071 1.3779528 3.5433071 0 P 0 N
A 1.634003 2.3661417 1.634003 2.3661417 1.5748031 2.3661417 0 P 0 N
A 1.634003 2.7559055 1.634003 2.7559055 1.5748031 2.7559055 0 P 0 N
A 1.634003 3.1496063 1.634003 3.1496063 1.5748031 3.1496063 0 P 0 N
A 1.634003 3.5433071 1.634003 3.5433071 1.5748031 3.5433071 0 P 0 N
A 1.8308534 2.3622047 1.8308534 2.3622047 1.7716535 2.3622047 0 P 0 N
A 1.8308534 2.7559055 1.8308534 2.7559055 1.7716535 2.7559055 0 P 0 N
A 1.8308534 3.1496063 1.8308534 3.1496063 1.7716535 3.1496063 0 P 0 N
A 1.8308534 3.5433071 1.8308534 3.5433071 1.7716535 3.5433071 0 P 0 N
L 1.1377953 2.2153543 1.1377953 2.2728347 1 P 0
L 1.1377953 2.2153543 1.2244095 2.2153543 1 P 0
L 1.1377953 2.2728347 1.2244095 2.2728347 1 P 0
L 1.1377953 2.6090551 1.1377953 2.6665355 1 P 0
L 1.1377953 2.6090551 1.2244095 2.6090551 1 P 0
L 1.1377953 2.6665355 1.2244095 2.6665355 1 P 0
L 1.1377953 3.0027559 1.1377953 3.0602363 1 P 0
L 1.1377953 3.0027559 1.2244095 3.0027559 1 P 0
L 1.1377953 3.0602363 1.2244095 3.0602363 1 P 0
L 1.1377953 3.3964567 1.1377953 3.4539371 1 P 0
L 1.1377953 3.3964567 1.2244095 3.3964567 1 P 0
L 1.1377953 3.4539371 1.2244095 3.4539371 1 P 0
L 1.2244095 2.2153543 1.2244095 2.2728347 1 P 0
L 1.2244095 2.6090551 1.2244095 2.6665355 1 P 0
L 1.2244095 3.0027559 1.2244095 3.0602363 1 P 0
L 1.2244095 3.3964567 1.2244095 3.4539371 1 P 0
L 1.3149607 1.9370078 1.3149607 2 1 P 0
L 1.3149607 1.9370078 1.4409449 1.9370078 1 P 0
L 1.3149607 2 1.4409449 2 1 P 0
L 1.3149607 3.9055117 1.3149607 3.9685039 1 P 0
L 1.3149607 3.9055117 1.4409449 3.9055117 1 P 0
L 1.3149607 3.9685039 1.4409449 3.9685039 1 P 0
L 1.3346457 2.2153543 1.3346457 2.2728347 1 P 0
L 1.3346457 2.2153543 1.4212599 2.2153543 1 P 0
L 1.3346457 2.2728347 1.4212599 2.2728347 1 P 0
L 1.3346457 2.6090551 1.3346457 2.6665355 1 P 0
L 1.3346457 2.6090551 1.4212599 2.6090551 1 P 0
L 1.3346457 2.6665355 1.4212599 2.6665355 1 P 0
L 1.3346457 3.0027559 1.3346457 3.0602363 1 P 0
L 1.3346457 3.0027559 1.4212599 3.0027559 1 P 0
L 1.3346457 3.0602363 1.4212599 3.0602363 1 P 0
L 1.3346457 3.3964567 1.3346457 3.4539371 1 P 0
L 1.3346457 3.3964567 1.4212599 3.3964567 1 P 0
L 1.3346457 3.4539371 1.4212599 3.4539371 1 P 0
L 1.4212599 2.2153543 1.4212599 2.2728347 1 P 0
L 1.4212599 2.6090551 1.4212599 2.6665355 1 P 0
L 1.4212599 3.0027559 1.4212599 3.0602363 1 P 0
L 1.4212599 3.3964567 1.4212599 3.4539371 1 P 0
L 1.4409449 1.9370078 1.4409449 2 1 P 0
L 1.4409449 3.9055117 1.4409449 3.9685039 1 P 0
L 1.5066929 1.6889764 1.5066929 1.7755906 1 P 0
L 1.5066929 1.6889764 1.5641733 1.6889764 1 P 0
L 1.5066929 1.7755906 1.5641733 1.7755906 1 P 0
L 1.531496 2.2192913 1.531496 2.2767717 1 P 0
L 1.531496 2.2192913 1.6181102 2.2192913 1 P 0
L 1.531496 2.2767717 1.6181102 2.2767717 1 P 0
L 1.531496 2.6090551 1.531496 2.6665355 1 P 0
L 1.531496 2.6090551 1.6181102 2.6090551 1 P 0
L 1.531496 2.6665355 1.6181102 2.6665355 1 P 0
L 1.531496 3.0027559 1.531496 3.0602363 1 P 0
L 1.531496 3.0027559 1.6181102 3.0027559 1 P 0
L 1.531496 3.0602363 1.6181102 3.0602363 1 P 0
L 1.531496 3.3964567 1.531496 3.4539371 1 P 0
L 1.531496 3.3964567 1.6181102 3.3964567 1 P 0
L 1.531496 3.4539371 1.6181102 3.4539371 1 P 0
L 1.5641733 1.6889764 1.5641733 1.7755906 1 P 0
L 1.6181102 2.2192913 1.6181102 2.2767717 1 P 0
L 1.6181102 2.6090551 1.6181102 2.6665355 1 P 0
L 1.6181102 3.0027559 1.6181102 3.0602363 1 P 0
L 1.6181102 3.3964567 1.6181102 3.4539371 1 P 0
L 1.6720473 1.6720473 1.6720473 1.7925197 1 P 0
L 1.6720473 1.6720473 1.7523622 1.6720473 1 P 0
L 1.6720473 1.7925197 1.7925197 1.7925197 1 P 0
L 1.7283464 2.2153543 1.7283464 2.2728347 1 P 0
L 1.7283464 2.2153543 1.8149606 2.2153543 1 P 0
L 1.7283464 2.2728347 1.8149606 2.2728347 1 P 0
L 1.7283464 2.6090551 1.7283464 2.6665355 1 P 0
L 1.7283464 2.6090551 1.8149606 2.6090551 1 P 0
L 1.7283464 2.6665355 1.8149606 2.6665355 1 P 0
L 1.7283464 3.0027559 1.7283464 3.0602363 1 P 0
L 1.7283464 3.0027559 1.8149606 3.0027559 1 P 0
L 1.7283464 3.0602363 1.8149606 3.0602363 1 P 0
L 1.7283464 3.3964567 1.7283464 3.4539371 1 P 0
L 1.7283464 3.3964567 1.8149606 3.3964567 1 P 0
L 1.7283464 3.4539371 1.8149606 3.4539371 1 P 0
L 1.7523622 1.6720473 1.7925197 1.7122048 1 P 0
L 1.7925197 1.7122048 1.7925197 1.7925197 1 P 0
L 1.8149606 2.2153543 1.8149606 2.2728347 1 P 0
L 1.8149606 2.6090551 1.8149606 2.6665355 1 P 0
L 1.8149606 3.0027559 1.8149606 3.0602363 1 P 0
L 1.8149606 3.3964567 1.8149606 3.4539371 1 P 0
L 1.8964567 1.7133858 1.8964567 1.735433 1 P 0
L 1.8964567 1.7133858 1.9381889 1.7133858 1 P 0
L 1.8964567 1.735433 1.9381889 1.735433 1 P 0
L 1.9381889 1.7133858 1.9381889 1.735433 1 P 0
L 2.0755906 1.9712599 2.0755906 2.0129921 1 P 0
L 2.0755906 1.9712599 2.0976378 1.9712599 1 P 0
L 2.0755906 2.0129921 2.0976378 2.0129921 1 P 0
L 2.0755906 3.9397638 2.0755906 3.981496 1 P 0
L 2.0755906 3.9397638 2.0976378 3.9397638 1 P 0
L 2.0755906 3.981496 2.0976378 3.981496 1 P 0
L 2.08937 2.3267716 2.08937 2.4133858 1 P 0
L 2.08937 2.3267716 2.1468504 2.3267716 1 P 0
L 2.08937 2.4133858 2.1468504 2.4133858 1 P 0
L 2.08937 3.1062992 2.08937 3.1929134 1 P 0
L 2.08937 3.1062992 2.1468504 3.1062992 1 P 0
L 2.08937 3.1929134 2.1468504 3.1929134 1 P 0
L 2.0976378 1.9712599 2.0976378 2.0129921 1 P 0
L 2.0976378 3.9397638 2.0976378 3.981496 1 P 0
L 2.1208661 3.4645669 2.1208661 3.5511811 1 P 0
L 2.1208661 3.4645669 2.1783465 3.4645669 1 P 0
L 2.1208661 3.5511811 2.1783465 3.5511811 1 P 0
L 2.1468504 2.3267716 2.1468504 2.4133858 1 P 0
L 2.1468504 3.1062992 2.1468504 3.1929134 1 P 0
L 2.1740158 2.3137795 2.1740158 2.3555117 1 P 0
L 2.1740158 2.3137795 2.196063 2.3137795 1 P 0
L 2.1740158 2.3555117 2.196063 2.3555117 1 P 0
L 2.1740158 3.1051182 2.1740158 3.1468504 1 P 0
L 2.1740158 3.1051182 2.196063 3.1051182 1 P 0
L 2.1740158 3.1468504 2.196063 3.1468504 1 P 0
L 2.1783465 3.4645669 2.1783465 3.5511811 1 P 0
L 2.196063 2.3137795 2.196063 2.3555117 1 P 0
L 2.196063 3.1051182 2.196063 3.1468504 1 P 0
L 2.2145669 1.7409448 2.2145669 2.196063 1 P 0
L 2.2145669 1.7409448 2.5098425 1.7409448 1 P 0
L 2.2145669 2.196063 2.5098425 2.196063 1 P 0
L 2.2145669 3.7094488 2.2145669 4.164567 1 P 0
L 2.2145669 3.7094488 2.5098425 3.7094488 1 P 0
L 2.2145669 4.164567 2.5098425 4.164567 1 P 0
L 2.2834645 2.3622047 2.2834645 2.7559055 1 P 0
L 2.2834645 2.3622047 2.4409449 2.3622047 1 P 0
L 2.2834645 2.7559055 2.4409449 2.7559055 1 P 0
L 2.2834645 3.1496063 2.2834645 3.5433071 1 P 0
L 2.2834645 3.1496063 2.4409449 3.1496063 1 P 0
L 2.2834645 3.5433071 2.4409449 3.5433071 1 P 0
L 2.4409449 2.3622047 2.4409449 2.7559055 1 P 0
L 2.4409449 3.1496063 2.4409449 3.5433071 1 P 0
L 2.5098425 1.7409448 2.5098425 2.196063 1 P 0
L 2.5098425 3.7094488 2.5098425 4.164567 1 P 0
L 6.6429135 1.7216536 6.6429135 2.021653 0 P 0
L 6.6429135 1.7216536 6.7429133 1.7216536 0 P 0
L 6.6429135 2.021653 6.7429133 2.021653 0 P 0
L 6.6429135 2.1153544 6.6429135 2.4153538 0 P 0
L 6.6429135 2.1153544 6.7429133 2.1153544 0 P 0
L 6.6429135 2.4153538 6.7429133 2.4153538 0 P 0
L 6.6429135 2.5090552 6.6429135 2.8090546 0 P 0
L 6.6429135 2.5090552 6.7429133 2.5090552 0 P 0
L 6.6429135 2.8090546 6.7429133 2.8090546 0 P 0
L 6.6429135 2.902756 6.6429135 3.2027554 0 P 0
L 6.6429135 2.902756 6.7429133 2.902756 0 P 0
L 6.6429135 3.2027554 6.7429133 3.2027554 0 P 0
L 6.6429135 3.2964568 6.6429135 3.5964562 0 P 0
L 6.6429135 3.2964568 6.7429133 3.2964568 0 P 0
L 6.6429135 3.5964562 6.7429133 3.5964562 0 P 0
L 6.6429135 3.6901576 6.6429135 3.990157 0 P 0
L 6.6429135 3.6901576 6.7429133 3.6901576 0 P 0
L 6.6429135 3.990157 6.7429133 3.990157 0 P 0
L 6.7429133 1.7216536 6.7429133 2.021653 0 P 0
L 6.7429133 2.1153544 6.7429133 2.4153538 0 P 0
L 6.7429133 2.5090552 6.7429133 2.8090546 0 P 0
L 6.7429133 2.902756 6.7429133 3.2027554 0 P 0
L 6.7429133 3.2964568 6.7429133 3.5964562 0 P 0
L 6.7429133 3.6901576 6.7429133 3.990157 0 P 0
L 6.7874016 1.8413385 6.7874016 1.8988189 1 P 0
L 6.7874016 1.8413385 6.8740158 1.8413385 1 P 0
L 6.7874016 1.8988189 6.8740158 1.8988189 1 P 0
L 6.7874016 2.2350393 6.7874016 2.2925197 1 P 0
L 6.7874016 2.2350393 6.8740158 2.2350393 1 P 0
L 6.7874016 2.2925197 6.8740158 2.2925197 1 P 0
L 6.7874016 2.6287401 6.7874016 2.6862205 1 P 0
L 6.7874016 2.6287401 6.8740158 2.6287401 1 P 0
L 6.7874016 2.6862205 6.8740158 2.6862205 1 P 0
L 6.7874016 3.0224409 6.7874016 3.0799213 1 P 0
L 6.7874016 3.0224409 6.8740158 3.0224409 1 P 0
L 6.7874016 3.0799213 6.8740158 3.0799213 1 P 0
L 6.7874016 3.4161417 6.7874016 3.4736221 1 P 0
L 6.7874016 3.4161417 6.8740158 3.4161417 1 P 0
L 6.7874016 3.4736221 6.8740158 3.4736221 1 P 0
L 6.7874016 3.8098425 6.7874016 3.8673229 1 P 0
L 6.7874016 3.8098425 6.8740158 3.8098425 1 P 0
L 6.7874016 3.8673229 6.8740158 3.8673229 1 P 0
L 6.8740158 1.8413385 6.8740158 1.8988189 1 P 0
L 6.8740158 2.2350393 6.8740158 2.2925197 1 P 0
L 6.8740158 2.6287401 6.8740158 2.6862205 1 P 0
L 6.8740158 3.0224409 6.8740158 3.0799213 1 P 0
L 6.8740158 3.4161417 6.8740158 3.4736221 1 P 0
L 6.8740158 3.8098425 6.8740158 3.8673229 1 P 0
