#Layer_Color=32896
#
#Feature symbol names
#
$0 r1
$1 r0.9843

#
#Feature attribute names
#

#
#Layer features
#
A 1.1441025 2.3622047 1.1441025 2.3622047 1.1311025 2.3622047 0 P 0 N
A 1.1441025 2.7559055 1.1441025 2.7559055 1.1311025 2.7559055 0 P 0 N
A 1.1441025 3.1496063 1.1441025 3.1496063 1.1311025 3.1496063 0 P 0 N
A 1.1441025 3.5433071 1.1441025 3.5433071 1.1311025 3.5433071 0 P 0 N
A 1.2401523 2.3622047 1.2401523 2.3622047 1.1811024 2.3622047 0 P 0 N
A 1.2401523 2.7559055 1.2401523 2.7559055 1.1811024 2.7559055 0 P 0 N
A 1.2401523 3.1496063 1.2401523 3.1496063 1.1811024 3.1496063 0 P 0 N
A 1.2401523 3.5433071 1.2401523 3.5433071 1.1811024 3.5433071 0 P 0 N
A 1.2441023 2.3622047 1.2441023 2.3622047 1.2311023 2.3622047 0 P 0 N
A 1.2441023 2.7559055 1.2441023 2.7559055 1.2311023 2.7559055 0 P 0 N
A 1.2441023 3.1496063 1.2441023 3.1496063 1.2311023 3.1496063 0 P 0 N
A 1.2441023 3.5433071 1.2441023 3.5433071 1.2311023 3.5433071 0 P 0 N
A 1.3409529 2.3622047 1.3409529 2.3622047 1.3279529 2.3622047 0 P 0 N
A 1.3409529 2.7559055 1.3409529 2.7559055 1.3279529 2.7559055 0 P 0 N
A 1.3409529 3.1496063 1.3409529 3.1496063 1.3279529 3.1496063 0 P 0 N
A 1.3409529 3.5433071 1.3409529 3.5433071 1.3279529 3.5433071 0 P 0 N
A 1.4370027 2.3622047 1.4370027 2.3622047 1.3779528 2.3622047 0 P 0 N
A 1.4370027 2.7559055 1.4370027 2.7559055 1.3779528 2.7559055 0 P 0 N
A 1.4370027 3.1496063 1.4370027 3.1496063 1.3779528 3.1496063 0 P 0 N
A 1.4370027 3.5433071 1.4370027 3.5433071 1.3779528 3.5433071 0 P 0 N
A 1.4409527 2.3622047 1.4409527 2.3622047 1.4279527 2.3622047 0 P 0 N
A 1.4409527 2.7559055 1.4409527 2.7559055 1.4279527 2.7559055 0 P 0 N
A 1.4409527 3.1496063 1.4409527 3.1496063 1.4279527 3.1496063 0 P 0 N
A 1.4409527 3.5433071 1.4409527 3.5433071 1.4279527 3.5433071 0 P 0 N
A 1.5378032 2.3661417 1.5378032 2.3661417 1.5248032 2.3661417 0 P 0 N
A 1.5378032 2.7559055 1.5378032 2.7559055 1.5248032 2.7559055 0 P 0 N
A 1.5378032 3.1496063 1.5378032 3.1496063 1.5248032 3.1496063 0 P 0 N
A 1.5378032 3.5433071 1.5378032 3.5433071 1.5248032 3.5433071 0 P 0 N
A 1.633853 2.3661417 1.633853 2.3661417 1.5748031 2.3661417 0 P 0 N
A 1.633853 2.7559055 1.633853 2.7559055 1.5748031 2.7559055 0 P 0 N
A 1.633853 3.1496063 1.633853 3.1496063 1.5748031 3.1496063 0 P 0 N
A 1.633853 3.5433071 1.633853 3.5433071 1.5748031 3.5433071 0 P 0 N
A 1.637803 2.3661417 1.637803 2.3661417 1.624803 2.3661417 0 P 0 N
A 1.637803 2.7559055 1.637803 2.7559055 1.624803 2.7559055 0 P 0 N
A 1.637803 3.1496063 1.637803 3.1496063 1.624803 3.1496063 0 P 0 N
A 1.637803 3.5433071 1.637803 3.5433071 1.624803 3.5433071 0 P 0 N
A 1.7346536 2.3622047 1.7346536 2.3622047 1.7216536 2.3622047 0 P 0 N
A 1.7346536 2.7559055 1.7346536 2.7559055 1.7216536 2.7559055 0 P 0 N
A 1.7346536 3.1496063 1.7346536 3.1496063 1.7216536 3.1496063 0 P 0 N
A 1.7346536 3.5433071 1.7346536 3.5433071 1.7216536 3.5433071 0 P 0 N
A 1.8307034 2.3622047 1.8307034 2.3622047 1.7716535 2.3622047 0 P 0 N
A 1.8307034 2.7559055 1.8307034 2.7559055 1.7716535 2.7559055 0 P 0 N
A 1.8307034 3.1496063 1.8307034 3.1496063 1.7716535 3.1496063 0 P 0 N
A 1.8307034 3.5433071 1.8307034 3.5433071 1.7716535 3.5433071 0 P 0 N
A 1.8346534 2.3622047 1.8346534 2.3622047 1.8216534 2.3622047 0 P 0 N
A 1.8346534 2.7559055 1.8346534 2.7559055 1.8216534 2.7559055 0 P 0 N
A 1.8346534 3.1496063 1.8346534 3.1496063 1.8216534 3.1496063 0 P 0 N
A 1.8346534 3.5433071 1.8346534 3.5433071 1.8216534 3.5433071 0 P 0 N
A 6.7054134 1.7716535 6.7054134 1.7716535 6.6929134 1.7716535 0 P 0 N
A 6.7054134 1.8716533 6.7054134 1.8716533 6.6929134 1.8716533 0 P 0 N
A 6.7054134 1.9716531 6.7054134 1.9716531 6.6929134 1.9716531 0 P 0 N
A 6.7054134 2.1653543 6.7054134 2.1653543 6.6929134 2.1653543 0 P 0 N
A 6.7054134 2.2653541 6.7054134 2.2653541 6.6929134 2.2653541 0 P 0 N
A 6.7054134 2.3653539 6.7054134 2.3653539 6.6929134 2.3653539 0 P 0 N
A 6.7054134 2.5590551 6.7054134 2.5590551 6.6929134 2.5590551 0 P 0 N
A 6.7054134 2.6590549 6.7054134 2.6590549 6.6929134 2.6590549 0 P 0 N
A 6.7054134 2.7590547 6.7054134 2.7590547 6.6929134 2.7590547 0 P 0 N
A 6.7054134 2.9527559 6.7054134 2.9527559 6.6929134 2.9527559 0 P 0 N
A 6.7054134 3.0527557 6.7054134 3.0527557 6.6929134 3.0527557 0 P 0 N
A 6.7054134 3.1527555 6.7054134 3.1527555 6.6929134 3.1527555 0 P 0 N
A 6.7054134 3.3464567 6.7054134 3.3464567 6.6929134 3.3464567 0 P 0 N
A 6.7054134 3.4464565 6.7054134 3.4464565 6.6929134 3.4464565 0 P 0 N
A 6.7054134 3.5464563 6.7054134 3.5464563 6.6929134 3.5464563 0 P 0 N
A 6.7054134 3.7401575 6.7054134 3.7401575 6.6929134 3.7401575 0 P 0 N
A 6.7054134 3.8401573 6.7054134 3.8401573 6.6929134 3.8401573 0 P 0 N
A 6.7054134 3.9401571 6.7054134 3.9401571 6.6929134 3.9401571 0 P 0 N
L 2.1594488 1.760433 2.1594488 1.7765748 1 P 0
L 2.1594488 1.760433 2.1923228 1.760433 1 P 0
L 2.1594488 1.7765748 2.1923228 1.7765748 1 P 0
L 2.1594488 1.810433 2.1594488 1.8265748 1 P 0
L 2.1594488 1.810433 2.1923228 1.810433 1 P 0
L 2.1594488 1.8265748 2.1923228 1.8265748 1 P 0
L 2.1594488 1.860433 2.1594488 1.8765748 1 P 0
L 2.1594488 1.860433 2.1923228 1.860433 1 P 0
L 2.1594488 1.8765748 2.1923228 1.8765748 1 P 0
L 2.1594488 1.910433 2.1594488 1.9265748 1 P 0
L 2.1594488 1.910433 2.1923228 1.910433 1 P 0
L 2.1594488 1.9265748 2.1923228 1.9265748 1 P 0
L 2.1594488 1.960433 2.1594488 1.9765748 1 P 0
L 2.1594488 1.960433 2.1923228 1.960433 1 P 0
L 2.1594488 1.9765748 2.1923228 1.9765748 1 P 0
L 2.1594488 2.010433 2.1594488 2.0265748 1 P 0
L 2.1594488 2.010433 2.1923228 2.010433 1 P 0
L 2.1594488 2.0265748 2.1923228 2.0265748 1 P 0
L 2.1594488 2.060433 2.1594488 2.0765748 1 P 0
L 2.1594488 2.060433 2.1923228 2.060433 1 P 0
L 2.1594488 2.0765748 2.1923228 2.0765748 1 P 0
L 2.1594488 2.110433 2.1594488 2.1265748 1 P 0
L 2.1594488 2.110433 2.1923228 2.110433 1 P 0
L 2.1594488 2.1265748 2.1923228 2.1265748 1 P 0
L 2.1594488 2.160433 2.1594488 2.1765748 1 P 0
L 2.1594488 2.160433 2.1923228 2.160433 1 P 0
L 2.1594488 2.1765748 2.1923228 2.1765748 1 P 0
L 2.1594488 3.728937 2.1594488 3.7450788 1 P 0
L 2.1594488 3.728937 2.1923228 3.728937 1 P 0
L 2.1594488 3.7450788 2.1923228 3.7450788 1 P 0
L 2.1594488 3.778937 2.1594488 3.7950788 1 P 0
L 2.1594488 3.778937 2.1923228 3.778937 1 P 0
L 2.1594488 3.7950788 2.1923228 3.7950788 1 P 0
L 2.1594488 3.828937 2.1594488 3.8450788 1 P 0
L 2.1594488 3.828937 2.1923228 3.828937 1 P 0
L 2.1594488 3.8450788 2.1923228 3.8450788 1 P 0
L 2.1594488 3.878937 2.1594488 3.8950788 1 P 0
L 2.1594488 3.878937 2.1923228 3.878937 1 P 0
L 2.1594488 3.8950788 2.1923228 3.8950788 1 P 0
L 2.1594488 3.928937 2.1594488 3.9450788 1 P 0
L 2.1594488 3.928937 2.1923228 3.928937 1 P 0
L 2.1594488 3.9450788 2.1923228 3.9450788 1 P 0
L 2.1594488 3.978937 2.1594488 3.9950788 1 P 0
L 2.1594488 3.978937 2.1923228 3.978937 1 P 0
L 2.1594488 3.9950788 2.1923228 3.9950788 1 P 0
L 2.1594488 4.028937 2.1594488 4.0450788 1 P 0
L 2.1594488 4.028937 2.1923228 4.028937 1 P 0
L 2.1594488 4.0450788 2.1923228 4.0450788 1 P 0
L 2.1594488 4.078937 2.1594488 4.0950788 1 P 0
L 2.1594488 4.078937 2.1923228 4.078937 1 P 0
L 2.1594488 4.0950788 2.1923228 4.0950788 1 P 0
L 2.1594488 4.128937 2.1594488 4.1450788 1 P 0
L 2.1594488 4.128937 2.1923228 4.128937 1 P 0
L 2.1594488 4.1450788 2.1923228 4.1450788 1 P 0
L 2.1923228 1.760433 2.1923228 1.7765748 1 P 0
L 2.1923228 1.810433 2.1923228 1.8265748 1 P 0
L 2.1923228 1.860433 2.1923228 1.8765748 1 P 0
L 2.1923228 1.910433 2.1923228 1.9265748 1 P 0
L 2.1923228 1.960433 2.1923228 1.9765748 1 P 0
L 2.1923228 2.010433 2.1923228 2.0265748 1 P 0
L 2.1923228 2.060433 2.1923228 2.0765748 1 P 0
L 2.1923228 2.110433 2.1923228 2.1265748 1 P 0
L 2.1923228 2.160433 2.1923228 2.1765748 1 P 0
L 2.1923228 3.728937 2.1923228 3.7450788 1 P 0
L 2.1923228 3.778937 2.1923228 3.7950788 1 P 0
L 2.1923228 3.828937 2.1923228 3.8450788 1 P 0
L 2.1923228 3.878937 2.1923228 3.8950788 1 P 0
L 2.1923228 3.928937 2.1923228 3.9450788 1 P 0
L 2.1923228 3.978937 2.1923228 3.9950788 1 P 0
L 2.1923228 4.028937 2.1923228 4.0450788 1 P 0
L 2.1923228 4.078937 2.1923228 4.0950788 1 P 0
L 2.1923228 4.128937 2.1923228 4.1450788 1 P 0
L 2.2145669 1.7411417 2.2145669 2.1958661 1 P 0
L 2.2145669 1.7411417 2.5098425 1.7411417 1 P 0
L 2.2145669 2.1958661 2.5098425 2.1958661 1 P 0
L 2.2145669 3.7096457 2.2145669 4.1643701 1 P 0
L 2.2145669 3.7096457 2.5098425 3.7096457 1 P 0
L 2.2145669 4.1643701 2.5098425 4.1643701 1 P 0
L 2.2440945 2.3759842 2.2440945 2.392126 1 P 0
L 2.2440945 2.3759842 2.2769685 2.3759842 1 P 0
L 2.2440945 2.392126 2.2769685 2.392126 1 P 0
L 2.2440945 2.4259842 2.2440945 2.442126 1 P 0
L 2.2440945 2.4259842 2.2769685 2.4259842 1 P 0
L 2.2440945 2.442126 2.2769685 2.442126 1 P 0
L 2.2440945 2.4759842 2.2440945 2.492126 1 P 0
L 2.2440945 2.4759842 2.2769685 2.4759842 1 P 0
L 2.2440945 2.492126 2.2769685 2.492126 1 P 0
L 2.2440945 2.5259842 2.2440945 2.542126 1 P 0
L 2.2440945 2.5259842 2.2769685 2.5259842 1 P 0
L 2.2440945 2.542126 2.2769685 2.542126 1 P 0
L 2.2440945 2.5759842 2.2440945 2.592126 1 P 0
L 2.2440945 2.5759842 2.2769685 2.5759842 1 P 0
L 2.2440945 2.592126 2.2769685 2.592126 1 P 0
L 2.2440945 2.6259842 2.2440945 2.642126 1 P 0
L 2.2440945 2.6259842 2.2769685 2.6259842 1 P 0
L 2.2440945 2.642126 2.2769685 2.642126 1 P 0
L 2.2440945 2.6759842 2.2440945 2.692126 1 P 0
L 2.2440945 2.6759842 2.2769685 2.6759842 1 P 0
L 2.2440945 2.692126 2.2769685 2.692126 1 P 0
L 2.2440945 2.7259842 2.2440945 2.742126 1 P 0
L 2.2440945 2.7259842 2.2769685 2.7259842 1 P 0
L 2.2440945 2.742126 2.2769685 2.742126 1 P 0
L 2.2440945 3.1633858 2.2440945 3.1795276 1 P 0
L 2.2440945 3.1633858 2.2769685 3.1633858 1 P 0
L 2.2440945 3.1795276 2.2769685 3.1795276 1 P 0
L 2.2440945 3.2133858 2.2440945 3.2295276 1 P 0
L 2.2440945 3.2133858 2.2769685 3.2133858 1 P 0
L 2.2440945 3.2295276 2.2769685 3.2295276 1 P 0
L 2.2440945 3.2633858 2.2440945 3.2795276 1 P 0
L 2.2440945 3.2633858 2.2769685 3.2633858 1 P 0
L 2.2440945 3.2795276 2.2769685 3.2795276 1 P 0
L 2.2440945 3.3133858 2.2440945 3.3295276 1 P 0
L 2.2440945 3.3133858 2.2769685 3.3133858 1 P 0
L 2.2440945 3.3295276 2.2769685 3.3295276 1 P 0
L 2.2440945 3.3633858 2.2440945 3.3795276 1 P 0
L 2.2440945 3.3633858 2.2769685 3.3633858 1 P 0
L 2.2440945 3.3795276 2.2769685 3.3795276 1 P 0
L 2.2440945 3.4133858 2.2440945 3.4295276 1 P 0
L 2.2440945 3.4133858 2.2769685 3.4133858 1 P 0
L 2.2440945 3.4295276 2.2769685 3.4295276 1 P 0
L 2.2440945 3.4633858 2.2440945 3.4795276 1 P 0
L 2.2440945 3.4633858 2.2769685 3.4633858 1 P 0
L 2.2440945 3.4795276 2.2769685 3.4795276 1 P 0
L 2.2440945 3.5133858 2.2440945 3.5295276 1 P 0
L 2.2440945 3.5133858 2.2769685 3.5133858 1 P 0
L 2.2440945 3.5295276 2.2769685 3.5295276 1 P 0
L 2.2769685 2.3759842 2.2769685 2.392126 1 P 0
L 2.2769685 2.4259842 2.2769685 2.442126 1 P 0
L 2.2769685 2.4759842 2.2769685 2.492126 1 P 0
L 2.2769685 2.5259842 2.2769685 2.542126 1 P 0
L 2.2769685 2.5759842 2.2769685 2.592126 1 P 0
L 2.2769685 2.6259842 2.2769685 2.642126 1 P 0
L 2.2769685 2.6759842 2.2769685 2.692126 1 P 0
L 2.2769685 2.7259842 2.2769685 2.742126 1 P 0
L 2.2769685 3.1633858 2.2769685 3.1795276 1 P 0
L 2.2769685 3.2133858 2.2769685 3.2295276 1 P 0
L 2.2769685 3.2633858 2.2769685 3.2795276 1 P 0
L 2.2769685 3.3133858 2.2769685 3.3295276 1 P 0
L 2.2769685 3.3633858 2.2769685 3.3795276 1 P 0
L 2.2769685 3.4133858 2.2769685 3.4295276 1 P 0
L 2.2769685 3.4633858 2.2769685 3.4795276 1 P 0
L 2.2769685 3.5133858 2.2769685 3.5295276 1 P 0
L 2.285433 2.3641732 2.285433 2.753937 1 P 0
L 2.285433 2.3641732 2.4389764 2.3641732 1 P 0
L 2.285433 2.753937 2.4389764 2.753937 1 P 0
L 2.285433 3.1515748 2.285433 3.5413386 1 P 0
L 2.285433 3.1515748 2.4389764 3.1515748 1 P 0
L 2.285433 3.5413386 2.4389764 3.5413386 1 P 0
L 2.4389764 2.3641732 2.4389764 2.753937 1 P 0
L 2.4389764 3.1515748 2.4389764 3.5413386 1 P 0
L 2.4474409 2.3759842 2.4474409 2.392126 1 P 0
L 2.4474409 2.3759842 2.4803149 2.3759842 1 P 0
L 2.4474409 2.392126 2.4803149 2.392126 1 P 0
L 2.4474409 2.4259842 2.4474409 2.442126 1 P 0
L 2.4474409 2.4259842 2.4803149 2.4259842 1 P 0
L 2.4474409 2.442126 2.4803149 2.442126 1 P 0
L 2.4474409 2.4759842 2.4474409 2.492126 1 P 0
L 2.4474409 2.4759842 2.4803149 2.4759842 1 P 0
L 2.4474409 2.492126 2.4803149 2.492126 1 P 0
L 2.4474409 2.5259842 2.4474409 2.542126 1 P 0
L 2.4474409 2.5259842 2.4803149 2.5259842 1 P 0
L 2.4474409 2.542126 2.4803149 2.542126 1 P 0
L 2.4474409 2.5759842 2.4474409 2.592126 1 P 0
L 2.4474409 2.5759842 2.4803149 2.5759842 1 P 0
L 2.4474409 2.592126 2.4803149 2.592126 1 P 0
L 2.4474409 2.6259842 2.4474409 2.642126 1 P 0
L 2.4474409 2.6259842 2.4803149 2.6259842 1 P 0
L 2.4474409 2.642126 2.4803149 2.642126 1 P 0
L 2.4474409 2.6759842 2.4474409 2.692126 1 P 0
L 2.4474409 2.6759842 2.4803149 2.6759842 1 P 0
L 2.4474409 2.692126 2.4803149 2.692126 1 P 0
L 2.4474409 2.7259842 2.4474409 2.742126 1 P 0
L 2.4474409 2.7259842 2.4803149 2.7259842 1 P 0
L 2.4474409 2.742126 2.4803149 2.742126 1 P 0
L 2.4474409 3.1633858 2.4474409 3.1795276 1 P 0
L 2.4474409 3.1633858 2.4803149 3.1633858 1 P 0
L 2.4474409 3.1795276 2.4803149 3.1795276 1 P 0
L 2.4474409 3.2133858 2.4474409 3.2295276 1 P 0
L 2.4474409 3.2133858 2.4803149 3.2133858 1 P 0
L 2.4474409 3.2295276 2.4803149 3.2295276 1 P 0
L 2.4474409 3.2633858 2.4474409 3.2795276 1 P 0
L 2.4474409 3.2633858 2.4803149 3.2633858 1 P 0
L 2.4474409 3.2795276 2.4803149 3.2795276 1 P 0
L 2.4474409 3.3133858 2.4474409 3.3295276 1 P 0
L 2.4474409 3.3133858 2.4803149 3.3133858 1 P 0
L 2.4474409 3.3295276 2.4803149 3.3295276 1 P 0
L 2.4474409 3.3633858 2.4474409 3.3795276 1 P 0
L 2.4474409 3.3633858 2.4803149 3.3633858 1 P 0
L 2.4474409 3.3795276 2.4803149 3.3795276 1 P 0
L 2.4474409 3.4133858 2.4474409 3.4295276 1 P 0
L 2.4474409 3.4133858 2.4803149 3.4133858 1 P 0
L 2.4474409 3.4295276 2.4803149 3.4295276 1 P 0
L 2.4474409 3.4633858 2.4474409 3.4795276 1 P 0
L 2.4474409 3.4633858 2.4803149 3.4633858 1 P 0
L 2.4474409 3.4795276 2.4803149 3.4795276 1 P 0
L 2.4474409 3.5133858 2.4474409 3.5295276 1 P 0
L 2.4474409 3.5133858 2.4803149 3.5133858 1 P 0
L 2.4474409 3.5295276 2.4803149 3.5295276 1 P 0
L 2.4803149 2.3759842 2.4803149 2.392126 1 P 0
L 2.4803149 2.4259842 2.4803149 2.442126 1 P 0
L 2.4803149 2.4759842 2.4803149 2.492126 1 P 0
L 2.4803149 2.5259842 2.4803149 2.542126 1 P 0
L 2.4803149 2.5759842 2.4803149 2.592126 1 P 0
L 2.4803149 2.6259842 2.4803149 2.642126 1 P 0
L 2.4803149 2.6759842 2.4803149 2.692126 1 P 0
L 2.4803149 2.7259842 2.4803149 2.742126 1 P 0
L 2.4803149 3.1633858 2.4803149 3.1795276 1 P 0
L 2.4803149 3.2133858 2.4803149 3.2295276 1 P 0
L 2.4803149 3.2633858 2.4803149 3.2795276 1 P 0
L 2.4803149 3.3133858 2.4803149 3.3295276 1 P 0
L 2.4803149 3.3633858 2.4803149 3.3795276 1 P 0
L 2.4803149 3.4133858 2.4803149 3.4295276 1 P 0
L 2.4803149 3.4633858 2.4803149 3.4795276 1 P 0
L 2.4803149 3.5133858 2.4803149 3.5295276 1 P 0
L 2.5098425 1.7411417 2.5098425 2.1958661 1 P 0
L 2.5098425 3.7096457 2.5098425 4.1643701 1 P 0
L 2.5320866 1.760433 2.5320866 1.7765748 1 P 0
L 2.5320866 1.760433 2.5649606 1.760433 1 P 0
L 2.5320866 1.7765748 2.5649606 1.7765748 1 P 0
L 2.5320866 1.810433 2.5320866 1.8265748 1 P 0
L 2.5320866 1.810433 2.5649606 1.810433 1 P 0
L 2.5320866 1.8265748 2.5649606 1.8265748 1 P 0
L 2.5320866 1.860433 2.5320866 1.8765748 1 P 0
L 2.5320866 1.860433 2.5649606 1.860433 1 P 0
L 2.5320866 1.8765748 2.5649606 1.8765748 1 P 0
L 2.5320866 1.910433 2.5320866 1.9265748 1 P 0
L 2.5320866 1.910433 2.5649606 1.910433 1 P 0
L 2.5320866 1.9265748 2.5649606 1.9265748 1 P 0
L 2.5320866 1.960433 2.5320866 1.9765748 1 P 0
L 2.5320866 1.960433 2.5649606 1.960433 1 P 0
L 2.5320866 1.9765748 2.5649606 1.9765748 1 P 0
L 2.5320866 2.010433 2.5320866 2.0265748 1 P 0
L 2.5320866 2.010433 2.5649606 2.010433 1 P 0
L 2.5320866 2.0265748 2.5649606 2.0265748 1 P 0
L 2.5320866 2.060433 2.5320866 2.0765748 1 P 0
L 2.5320866 2.060433 2.5649606 2.060433 1 P 0
L 2.5320866 2.0765748 2.5649606 2.0765748 1 P 0
L 2.5320866 2.110433 2.5320866 2.1265748 1 P 0
L 2.5320866 2.110433 2.5649606 2.110433 1 P 0
L 2.5320866 2.1265748 2.5649606 2.1265748 1 P 0
L 2.5320866 2.160433 2.5320866 2.1765748 1 P 0
L 2.5320866 2.160433 2.5649606 2.160433 1 P 0
L 2.5320866 2.1765748 2.5649606 2.1765748 1 P 0
L 2.5320866 3.728937 2.5320866 3.7450788 1 P 0
L 2.5320866 3.728937 2.5649606 3.728937 1 P 0
L 2.5320866 3.7450788 2.5649606 3.7450788 1 P 0
L 2.5320866 3.778937 2.5320866 3.7950788 1 P 0
L 2.5320866 3.778937 2.5649606 3.778937 1 P 0
L 2.5320866 3.7950788 2.5649606 3.7950788 1 P 0
L 2.5320866 3.828937 2.5320866 3.8450788 1 P 0
L 2.5320866 3.828937 2.5649606 3.828937 1 P 0
L 2.5320866 3.8450788 2.5649606 3.8450788 1 P 0
L 2.5320866 3.878937 2.5320866 3.8950788 1 P 0
L 2.5320866 3.878937 2.5649606 3.878937 1 P 0
L 2.5320866 3.8950788 2.5649606 3.8950788 1 P 0
L 2.5320866 3.928937 2.5320866 3.9450788 1 P 0
L 2.5320866 3.928937 2.5649606 3.928937 1 P 0
L 2.5320866 3.9450788 2.5649606 3.9450788 1 P 0
L 2.5320866 3.978937 2.5320866 3.9950788 1 P 0
L 2.5320866 3.978937 2.5649606 3.978937 1 P 0
L 2.5320866 3.9950788 2.5649606 3.9950788 1 P 0
L 2.5320866 4.028937 2.5320866 4.0450788 1 P 0
L 2.5320866 4.028937 2.5649606 4.028937 1 P 0
L 2.5320866 4.0450788 2.5649606 4.0450788 1 P 0
L 2.5320866 4.078937 2.5320866 4.0950788 1 P 0
L 2.5320866 4.078937 2.5649606 4.078937 1 P 0
L 2.5320866 4.0950788 2.5649606 4.0950788 1 P 0
L 2.5320866 4.128937 2.5320866 4.1450788 1 P 0
L 2.5320866 4.128937 2.5649606 4.128937 1 P 0
L 2.5320866 4.1450788 2.5649606 4.1450788 1 P 0
L 2.5649606 1.760433 2.5649606 1.7765748 1 P 0
L 2.5649606 1.810433 2.5649606 1.8265748 1 P 0
L 2.5649606 1.860433 2.5649606 1.8765748 1 P 0
L 2.5649606 1.910433 2.5649606 1.9265748 1 P 0
L 2.5649606 1.960433 2.5649606 1.9765748 1 P 0
L 2.5649606 2.010433 2.5649606 2.0265748 1 P 0
L 2.5649606 2.060433 2.5649606 2.0765748 1 P 0
L 2.5649606 2.110433 2.5649606 2.1265748 1 P 0
L 2.5649606 2.160433 2.5649606 2.1765748 1 P 0
L 2.5649606 3.728937 2.5649606 3.7450788 1 P 0
L 2.5649606 3.778937 2.5649606 3.7950788 1 P 0
L 2.5649606 3.828937 2.5649606 3.8450788 1 P 0
L 2.5649606 3.878937 2.5649606 3.8950788 1 P 0
L 2.5649606 3.928937 2.5649606 3.9450788 1 P 0
L 2.5649606 3.978937 2.5649606 3.9950788 1 P 0
L 2.5649606 4.028937 2.5649606 4.0450788 1 P 0
L 2.5649606 4.078937 2.5649606 4.0950788 1 P 0
L 2.5649606 4.128937 2.5649606 4.1450788 1 P 0
L 6.6429135 1.7216536 6.6429135 2.021653 0 P 0
L 6.6429135 1.7216536 6.7429133 1.7216536 0 P 0
L 6.6429135 2.021653 6.7429133 2.021653 0 P 0
L 6.6429135 2.1153544 6.6429135 2.4153538 0 P 0
L 6.6429135 2.1153544 6.7429133 2.1153544 0 P 0
L 6.6429135 2.4153538 6.7429133 2.4153538 0 P 0
L 6.6429135 2.5090552 6.6429135 2.8090546 0 P 0
L 6.6429135 2.5090552 6.7429133 2.5090552 0 P 0
L 6.6429135 2.8090546 6.7429133 2.8090546 0 P 0
L 6.6429135 2.902756 6.6429135 3.2027554 0 P 0
L 6.6429135 2.902756 6.7429133 2.902756 0 P 0
L 6.6429135 3.2027554 6.7429133 3.2027554 0 P 0
L 6.6429135 3.2964568 6.6429135 3.5964562 0 P 0
L 6.6429135 3.2964568 6.7429133 3.2964568 0 P 0
L 6.6429135 3.5964562 6.7429133 3.5964562 0 P 0
L 6.6429135 3.6901576 6.6429135 3.990157 0 P 0
L 6.6429135 3.6901576 6.7429133 3.6901576 0 P 0
L 6.6429135 3.990157 6.7429133 3.990157 0 P 0
L 6.7429133 1.7216536 6.7429133 2.021653 0 P 0
L 6.7429133 2.1153544 6.7429133 2.4153538 0 P 0
L 6.7429133 2.5090552 6.7429133 2.8090546 0 P 0
L 6.7429133 2.902756 6.7429133 3.2027554 0 P 0
L 6.7429133 3.2964568 6.7429133 3.5964562 0 P 0
L 6.7429133 3.6901576 6.7429133 3.990157 0 P 0
