#Layer_Color=32768
#
#Feature symbol names
#
$0 r1.9685
$1 r2
$2 r3.937

#
#Feature attribute names
#

#
#Layer features
#
A 1.1909449 2.2440945 1.1909449 2.2440945 1.1811024 2.2440945 0 P 0 N
A 1.1909449 2.6377953 1.1909449 2.6377953 1.1811024 2.6377953 0 P 0 N
A 1.1909449 3.0314961 1.1909449 3.0314961 1.1811024 3.0314961 0 P 0 N
A 1.1909449 3.4251969 1.1909449 3.4251969 1.1811024 3.4251969 0 P 0 N
A 1.1931024 2.3622047 1.1931024 2.3622047 1.1811024 2.3622047 1 P 0 N
A 1.1931024 2.7559055 1.1931024 2.7559055 1.1811024 2.7559055 1 P 0 N
A 1.1931024 3.1496063 1.1931024 3.1496063 1.1811024 3.1496063 1 P 0 N
A 1.1931024 3.5433071 1.1931024 3.5433071 1.1811024 3.5433071 1 P 0 N
A 1.2667022 2.3622047 1.2667022 2.3622047 1.1811024 2.3622047 1 P 0 N
A 1.2667022 2.7559055 1.2667022 2.7559055 1.1811024 2.7559055 1 P 0 N
A 1.2667022 3.1496063 1.2667022 3.1496063 1.1811024 3.1496063 1 P 0 N
A 1.2667022 3.5433071 1.2667022 3.5433071 1.1811024 3.5433071 1 P 0 N
A 1.3877953 1.9685039 1.3877953 1.9685039 1.3779528 1.9685039 0 P 0 N
A 1.3877953 2.2440945 1.3877953 2.2440945 1.3779528 2.2440945 0 P 0 N
A 1.3877953 2.6377953 1.3877953 2.6377953 1.3779528 2.6377953 0 P 0 N
A 1.3877953 3.0314961 1.3877953 3.0314961 1.3779528 3.0314961 0 P 0 N
A 1.3877953 3.4251969 1.3877953 3.4251969 1.3779528 3.4251969 0 P 0 N
A 1.3877953 3.9370078 1.3877953 3.9370078 1.3779528 3.9370078 0 P 0 N
A 1.3899528 2.3622047 1.3899528 2.3622047 1.3779528 2.3622047 1 P 0 N
A 1.3899528 2.7559055 1.3899528 2.7559055 1.3779528 2.7559055 1 P 0 N
A 1.3899528 3.1496063 1.3899528 3.1496063 1.3779528 3.1496063 1 P 0 N
A 1.3899528 3.5433071 1.3899528 3.5433071 1.3779528 3.5433071 1 P 0 N
A 1.4635526 2.3622047 1.4635526 2.3622047 1.3779528 2.3622047 1 P 0 N
A 1.4635526 2.7559055 1.4635526 2.7559055 1.3779528 2.7559055 1 P 0 N
A 1.4635526 3.1496063 1.4635526 3.1496063 1.3779528 3.1496063 1 P 0 N
A 1.4635526 3.5433071 1.4635526 3.5433071 1.3779528 3.5433071 1 P 0 N
A 1.5452756 1.7322835 1.5452756 1.7322835 1.5354331 1.7322835 0 P 0 N
A 1.5846456 2.2480315 1.5846456 2.2480315 1.5748031 2.2480315 0 P 0 N
A 1.5846456 2.6377953 1.5846456 2.6377953 1.5748031 2.6377953 0 P 0 N
A 1.5846456 3.0314961 1.5846456 3.0314961 1.5748031 3.0314961 0 P 0 N
A 1.5846456 3.4251969 1.5846456 3.4251969 1.5748031 3.4251969 0 P 0 N
A 1.5868031 2.3661417 1.5868031 2.3661417 1.5748031 2.3661417 1 P 0 N
A 1.5868031 2.7559055 1.5868031 2.7559055 1.5748031 2.7559055 1 P 0 N
A 1.5868031 3.1496063 1.5868031 3.1496063 1.5748031 3.1496063 1 P 0 N
A 1.5868031 3.5433071 1.5868031 3.5433071 1.5748031 3.5433071 1 P 0 N
A 1.6604029 2.3661417 1.6604029 2.3661417 1.5748031 2.3661417 1 P 0 N
A 1.6604029 2.7559055 1.6604029 2.7559055 1.5748031 2.7559055 1 P 0 N
A 1.6604029 3.1496063 1.6604029 3.1496063 1.5748031 3.1496063 1 P 0 N
A 1.6604029 3.5433071 1.6604029 3.5433071 1.5748031 3.5433071 1 P 0 N
A 1.742126 1.7322835 1.742126 1.7322835 1.7322835 1.7322835 0 P 0 N
A 1.781496 2.2440945 1.781496 2.2440945 1.7716535 2.2440945 0 P 0 N
A 1.781496 2.6377953 1.781496 2.6377953 1.7716535 2.6377953 0 P 0 N
A 1.781496 3.0314961 1.781496 3.0314961 1.7716535 3.0314961 0 P 0 N
A 1.781496 3.4251969 1.781496 3.4251969 1.7716535 3.4251969 0 P 0 N
A 1.7836535 2.3622047 1.7836535 2.3622047 1.7716535 2.3622047 1 P 0 N
A 1.7836535 2.7559055 1.7836535 2.7559055 1.7716535 2.7559055 1 P 0 N
A 1.7836535 3.1496063 1.7836535 3.1496063 1.7716535 3.1496063 1 P 0 N
A 1.7836535 3.5433071 1.7836535 3.5433071 1.7716535 3.5433071 1 P 0 N
A 1.8572533 2.3622047 1.8572533 2.3622047 1.7716535 2.3622047 1 P 0 N
A 1.8572533 2.7559055 1.8572533 2.7559055 1.7716535 2.7559055 1 P 0 N
A 1.8572533 3.1496063 1.8572533 3.1496063 1.7716535 3.1496063 1 P 0 N
A 1.8572533 3.5433071 1.8572533 3.5433071 1.7716535 3.5433071 1 P 0 N
A 1.9239685 1.7244094 1.9239685 1.7244094 1.9173228 1.7244094 0 P 0 N
A 2.0932599 1.992126 2.0932599 1.992126 2.0866142 1.992126 0 P 0 N
A 2.0932599 3.9606299 2.0932599 3.9606299 2.0866142 3.9606299 0 P 0 N
A 2.1279527 2.3700787 2.1279527 2.3700787 2.1181102 2.3700787 0 P 0 N
A 2.1279527 3.1496063 2.1279527 3.1496063 2.1181102 3.1496063 0 P 0 N
A 2.1594488 3.507874 2.1594488 3.507874 2.1496063 3.507874 0 P 0 N
A 2.1916851 2.3346456 2.1916851 2.3346456 2.1850394 2.3346456 0 P 0 N
A 2.1916851 3.1259843 2.1916851 3.1259843 2.1850394 3.1259843 0 P 0 N
A 2.3720472 1.9685039 2.3720472 1.9685039 2.3622047 1.9685039 0 P 0 N
A 2.3720472 2.5590551 2.3720472 2.5590551 2.3622047 2.5590551 0 P 0 N
A 2.3720472 3.3464567 2.3720472 3.3464567 2.3622047 3.3464567 0 P 0 N
A 2.3720472 3.9370079 2.3720472 3.9370079 2.3622047 3.9370079 0 P 0 N
A 6.7049134 1.7716535 6.7049134 1.7716535 6.6929134 1.7716535 1 P 0 N
A 6.7049134 2.1653543 6.7049134 2.1653543 6.6929134 2.1653543 1 P 0 N
A 6.7049134 2.5590551 6.7049134 2.5590551 6.6929134 2.5590551 1 P 0 N
A 6.7049134 2.9527559 6.7049134 2.9527559 6.6929134 2.9527559 1 P 0 N
A 6.7049134 3.3464567 6.7049134 3.3464567 6.6929134 3.3464567 1 P 0 N
A 6.7049134 3.7401575 6.7049134 3.7401575 6.6929134 3.7401575 1 P 0 N
A 6.8405512 1.8700787 6.8405512 1.8700787 6.8307087 1.8700787 0 P 0 N
A 6.8405512 2.2637795 6.8405512 2.2637795 6.8307087 2.2637795 0 P 0 N
A 6.8405512 2.6574803 6.8405512 2.6574803 6.8307087 2.6574803 0 P 0 N
A 6.8405512 3.0511811 6.8405512 3.0511811 6.8307087 3.0511811 0 P 0 N
A 6.8405512 3.4448819 6.8405512 3.4448819 6.8307087 3.4448819 0 P 0 N
A 6.8405512 3.8385827 6.8405512 3.8385827 6.8307087 3.8385827 0 P 0 N
L 1.1137796 2.2051181 1.1137796 2.2830709 0 P 0
L 1.1137796 2.2051181 1.2484252 2.2051181 0 P 0
L 1.1137796 2.2830709 1.2484252 2.2830709 0 P 0
L 1.1137796 2.5988189 1.1137796 2.6767717 0 P 0
L 1.1137796 2.5988189 1.2484252 2.5988189 0 P 0
L 1.1137796 2.6767717 1.2484252 2.6767717 0 P 0
L 1.1137796 2.9925197 1.1137796 3.0704725 0 P 0
L 1.1137796 2.9925197 1.2484252 2.9925197 0 P 0
L 1.1137796 3.0704725 1.2484252 3.0704725 0 P 0
L 1.1137796 3.3862205 1.1137796 3.4641733 0 P 0
L 1.1137796 3.3862205 1.2484252 3.3862205 0 P 0
L 1.1137796 3.4641733 1.2484252 3.4641733 0 P 0
L 1.1651024 2.3622047 1.1971024 2.3622047 1 P 0
L 1.1651024 2.7559055 1.1971024 2.7559055 1 P 0
L 1.1651024 3.1496063 1.1971024 3.1496063 1 P 0
L 1.1651024 3.5433071 1.1971024 3.5433071 1 P 0
L 1.1673229 2.2440945 1.1948819 2.2440945 0 P 0
L 1.1673229 2.6377953 1.1948819 2.6377953 0 P 0
L 1.1673229 3.0314961 1.1948819 3.0314961 0 P 0
L 1.1673229 3.4251969 1.1948819 3.4251969 0 P 0
L 1.1811024 2.230315 1.1811024 2.257874 0 P 0
L 1.1811024 2.3462047 1.1811024 2.3782047 1 P 0
L 1.1811024 2.6240158 1.1811024 2.6515748 0 P 0
L 1.1811024 2.7399055 1.1811024 2.7719055 1 P 0
L 1.1811024 3.0177166 1.1811024 3.0452756 0 P 0
L 1.1811024 3.1336063 1.1811024 3.1656063 1 P 0
L 1.1811024 3.4114174 1.1811024 3.4389764 0 P 0
L 1.1811024 3.5273071 1.1811024 3.5593071 1 P 0
L 1.2484252 2.2051181 1.2484252 2.2830709 0 P 0
L 1.2484252 2.5988189 1.2484252 2.6767717 0 P 0
L 1.2484252 2.9925197 1.2484252 3.0704725 0 P 0
L 1.2484252 3.3862205 1.2484252 3.4641733 0 P 0
L 1.2814961 1.8051181 1.2814961 1.8956693 0 P 0
L 1.2814961 1.8051181 1.4744095 1.8051181 0 P 0
L 1.2814961 1.8956693 1.4744095 1.8956693 0 P 0
L 1.2814961 4.0098425 1.2814961 4.1003937 0 P 0
L 1.2814961 4.0098425 1.4744095 4.0098425 0 P 0
L 1.2814961 4.1003937 1.4744095 4.1003937 0 P 0
L 1.2870079 1.9228346 1.2870079 2.0141732 0 P 0
L 1.2870079 1.9228346 1.4688977 1.9228346 0 P 0
L 1.2870079 2.0141732 1.4688977 2.0141732 0 P 0
L 1.2870079 3.8913385 1.2870079 3.9826771 0 P 0
L 1.2870079 3.8913385 1.4688977 3.8913385 0 P 0
L 1.2870079 3.9826771 1.4688977 3.9826771 0 P 0
L 1.31063 2.2051181 1.31063 2.2830709 0 P 0
L 1.31063 2.2051181 1.4452756 2.2051181 0 P 0
L 1.31063 2.2830709 1.4452756 2.2830709 0 P 0
L 1.31063 2.5988189 1.31063 2.6767717 0 P 0
L 1.31063 2.5988189 1.4452756 2.5988189 0 P 0
L 1.31063 2.6767717 1.4452756 2.6767717 0 P 0
L 1.31063 2.9925197 1.31063 3.0704725 0 P 0
L 1.31063 2.9925197 1.4452756 2.9925197 0 P 0
L 1.31063 3.0704725 1.4452756 3.0704725 0 P 0
L 1.31063 3.3862205 1.31063 3.4641733 0 P 0
L 1.31063 3.3862205 1.4452756 3.3862205 0 P 0
L 1.31063 3.4641733 1.4452756 3.4641733 0 P 0
L 1.3582678 1.8503937 1.3976378 1.8503937 2 P 0
L 1.3582678 4.0551181 1.3976378 4.0551181 2 P 0
L 1.3619528 2.3622047 1.3939528 2.3622047 1 P 0
L 1.3619528 2.7559055 1.3939528 2.7559055 1 P 0
L 1.3619528 3.1496063 1.3939528 3.1496063 1 P 0
L 1.3619528 3.5433071 1.3939528 3.5433071 1 P 0
L 1.3641733 1.9685039 1.3917323 1.9685039 0 P 0
L 1.3641733 2.2440945 1.3917323 2.2440945 0 P 0
L 1.3641733 2.6377953 1.3917323 2.6377953 0 P 0
L 1.3641733 3.0314961 1.3917323 3.0314961 0 P 0
L 1.3641733 3.4251969 1.3917323 3.4251969 0 P 0
L 1.3641733 3.9370078 1.3917323 3.9370078 0 P 0
L 1.3779528 1.8307087 1.3779528 1.8700788 2 P 0
L 1.3779528 1.9547244 1.3779528 1.9822834 0 P 0
L 1.3779528 2.230315 1.3779528 2.257874 0 P 0
L 1.3779528 2.3462047 1.3779528 2.3782047 1 P 0
L 1.3779528 2.6240158 1.3779528 2.6515748 0 P 0
L 1.3779528 2.7399055 1.3779528 2.7719055 1 P 0
L 1.3779528 3.0177166 1.3779528 3.0452756 0 P 0
L 1.3779528 3.1336063 1.3779528 3.1656063 1 P 0
L 1.3779528 3.4114174 1.3779528 3.4389764 0 P 0
L 1.3779528 3.5273071 1.3779528 3.5593071 1 P 0
L 1.3779528 3.9232283 1.3779528 3.9507873 0 P 0
L 1.3779528 4.0354331 1.3779528 4.0748032 2 P 0
L 1.4452756 2.2051181 1.4452756 2.2830709 0 P 0
L 1.4452756 2.5988189 1.4452756 2.6767717 0 P 0
L 1.4452756 2.9925197 1.4452756 3.0704725 0 P 0
L 1.4452756 3.3862205 1.4452756 3.4641733 0 P 0
L 1.4566929 4.2578741 1.4566929 4.4035434 0 P 0
L 1.4566929 4.2578741 1.5354331 4.2578741 0 P 0
L 1.4566929 4.4035434 1.5354331 4.4035434 0 P 0
L 1.4688977 1.9228346 1.4688977 2.0141732 0 P 0
L 1.4688977 3.8913385 1.4688977 3.9826771 0 P 0
L 1.4744095 1.8051181 1.4744095 1.8956693 0 P 0
L 1.4744095 4.0098425 1.4744095 4.1003937 0 P 0
L 1.476378 4.3307087 1.515748 4.3307087 2 P 0
L 1.496063 4.3110237 1.496063 4.3503938 2 P 0
L 1.4964567 1.6649607 1.4964567 1.7996063 0 P 0
L 1.4964567 1.6649607 1.5744095 1.6649607 0 P 0
L 1.4964567 1.7996063 1.5744095 1.7996063 0 P 0
L 1.5074803 2.2090551 1.5074803 2.2870079 0 P 0
L 1.5074803 2.2090551 1.6421259 2.2090551 0 P 0
L 1.5074803 2.2870079 1.6421259 2.2870079 0 P 0
L 1.5074803 2.5988189 1.5074803 2.6767717 0 P 0
L 1.5074803 2.5988189 1.6421259 2.5988189 0 P 0
L 1.5074803 2.6767717 1.6421259 2.6767717 0 P 0
L 1.5074803 2.9925197 1.5074803 3.0704725 0 P 0
L 1.5074803 2.9925197 1.6421259 2.9925197 0 P 0
L 1.5074803 3.0704725 1.6421259 3.0704725 0 P 0
L 1.5074803 3.3862205 1.5074803 3.4641733 0 P 0
L 1.5074803 3.3862205 1.6421259 3.3862205 0 P 0
L 1.5074803 3.4641733 1.6421259 3.4641733 0 P 0
L 1.5216536 1.7322835 1.5492126 1.7322835 0 P 0
L 1.535433 4.2578741 1.535433 4.4035434 0 P 0
L 1.535433 4.2578741 1.6141732 4.2578741 0 P 0
L 1.535433 4.4035434 1.6141732 4.4035434 0 P 0
L 1.5354331 1.718504 1.5354331 1.746063 0 P 0
L 1.5354331 4.2578741 1.5354331 4.4035434 0 P 0
L 1.5551181 4.3307087 1.5944881 4.3307087 2 P 0
L 1.5588031 2.3661417 1.5908031 2.3661417 1 P 0
L 1.5588031 2.7559055 1.5908031 2.7559055 1 P 0
L 1.5588031 3.1496063 1.5908031 3.1496063 1 P 0
L 1.5588031 3.5433071 1.5908031 3.5433071 1 P 0
L 1.5610236 2.2480315 1.5885826 2.2480315 0 P 0
L 1.5610236 2.6377953 1.5885826 2.6377953 0 P 0
L 1.5610236 3.0314961 1.5885826 3.0314961 0 P 0
L 1.5610236 3.4251969 1.5885826 3.4251969 0 P 0
L 1.5744095 1.6649607 1.5744095 1.7996063 0 P 0
L 1.5748031 2.234252 1.5748031 2.261811 0 P 0
L 1.5748031 2.3501417 1.5748031 2.3821417 1 P 0
L 1.5748031 2.6240158 1.5748031 2.6515748 0 P 0
L 1.5748031 2.7399055 1.5748031 2.7719055 1 P 0
L 1.5748031 3.0177166 1.5748031 3.0452756 0 P 0
L 1.5748031 3.1336063 1.5748031 3.1656063 1 P 0
L 1.5748031 3.4114174 1.5748031 3.4389764 0 P 0
L 1.5748031 3.5273071 1.5748031 3.5593071 1 P 0
L 1.5748031 4.3110237 1.5748031 4.3503938 2 P 0
L 1.6086615 1.6775591 1.6086615 1.7870079 0 P 0
L 1.6086615 1.6775591 1.6622048 1.6775591 0 P 0
L 1.6086615 1.7870079 1.6622048 1.7870079 0 P 0
L 1.6141732 4.2578741 1.6141732 4.4035434 0 P 0
L 1.6421259 2.2090551 1.6421259 2.2870079 0 P 0
L 1.6421259 2.5988189 1.6421259 2.6767717 0 P 0
L 1.6421259 2.9925197 1.6421259 3.0704725 0 P 0
L 1.6421259 3.3862205 1.6421259 3.4641733 0 P 0
L 1.6622048 1.6622048 1.6622048 1.6775591 0 P 0
L 1.6622048 1.6622048 1.8023622 1.6622048 0 P 0
L 1.6622048 1.7870079 1.6622048 1.8023622 0 P 0
L 1.6622048 1.8023622 1.8023622 1.8023622 0 P 0
L 1.7043307 2.2051181 1.7043307 2.2830709 0 P 0
L 1.7043307 2.2051181 1.8389763 2.2051181 0 P 0
L 1.7043307 2.2830709 1.8389763 2.2830709 0 P 0
L 1.7043307 2.5988189 1.7043307 2.6767717 0 P 0
L 1.7043307 2.5988189 1.8389763 2.5988189 0 P 0
L 1.7043307 2.6767717 1.8389763 2.6767717 0 P 0
L 1.7043307 2.9925197 1.7043307 3.0704725 0 P 0
L 1.7043307 2.9925197 1.8389763 2.9925197 0 P 0
L 1.7043307 3.0704725 1.8389763 3.0704725 0 P 0
L 1.7043307 3.3862205 1.7043307 3.4641733 0 P 0
L 1.7043307 3.3862205 1.8389763 3.3862205 0 P 0
L 1.7043307 3.4641733 1.8389763 3.4641733 0 P 0
L 1.718504 1.7322835 1.746063 1.7322835 0 P 0
L 1.7322835 1.718504 1.7322835 1.746063 0 P 0
L 1.7556535 2.3622047 1.7876535 2.3622047 1 P 0
L 1.7556535 2.7559055 1.7876535 2.7559055 1 P 0
L 1.7556535 3.1496063 1.7876535 3.1496063 1 P 0
L 1.7556535 3.5433071 1.7876535 3.5433071 1 P 0
L 1.757874 2.2440945 1.785433 2.2440945 0 P 0
L 1.757874 2.6377953 1.785433 2.6377953 0 P 0
L 1.757874 3.0314961 1.785433 3.0314961 0 P 0
L 1.757874 3.4251969 1.785433 3.4251969 0 P 0
L 1.7716535 2.230315 1.7716535 2.257874 0 P 0
L 1.7716535 2.3462047 1.7716535 2.3782047 1 P 0
L 1.7716535 2.6240158 1.7716535 2.6515748 0 P 0
L 1.7716535 2.7399055 1.7716535 2.7719055 1 P 0
L 1.7716535 3.0177166 1.7716535 3.0452756 0 P 0
L 1.7716535 3.1336063 1.7716535 3.1656063 1 P 0
L 1.7716535 3.4114174 1.7716535 3.4389764 0 P 0
L 1.7716535 3.5273071 1.7716535 3.5593071 1 P 0
L 1.8023622 1.6622048 1.8023622 1.6775591 0 P 0
L 1.8023622 1.6775591 1.8559055 1.6775591 0 P 0
L 1.8023622 1.7870079 1.8023622 1.8023622 0 P 0
L 1.8023622 1.7870079 1.8559055 1.7870079 0 P 0
L 1.8389763 2.2051181 1.8389763 2.2830709 0 P 0
L 1.8389763 2.5988189 1.8389763 2.6767717 0 P 0
L 1.8389763 2.9925197 1.8389763 3.0704725 0 P 0
L 1.8389763 3.3862205 1.8389763 3.4641733 0 P 0
L 1.8559055 1.6775591 1.8559055 1.7870079 0 P 0
L 1.8877952 1.7066929 1.8877952 1.7421259 0 P 0
L 1.8877952 1.7066929 1.9468504 1.7066929 0 P 0
L 1.8877952 1.7421259 1.9468504 1.7421259 0 P 0
L 1.9084645 1.7244094 1.9261811 1.7244094 0 P 0
L 1.9173228 1.7155511 1.9173228 1.7332677 0 P 0
L 1.9468504 1.7066929 1.9468504 1.7421259 0 P 0
L 2.0688977 1.9625984 2.0688977 2.0216536 0 P 0
L 2.0688977 1.9625984 2.1043307 1.9625984 0 P 0
L 2.0688977 2.0216536 2.1043307 2.0216536 0 P 0
L 2.0688977 3.9311023 2.0688977 3.9901575 0 P 0
L 2.0688977 3.9311023 2.1043307 3.9311023 0 P 0
L 2.0688977 3.9901575 2.1043307 3.9901575 0 P 0
L 2.0777559 1.992126 2.0954725 1.992126 0 P 0
L 2.0777559 3.9606299 2.0954725 3.9606299 0 P 0
L 2.0791338 2.3027559 2.0791338 2.4374015 0 P 0
L 2.0791338 2.3027559 2.1570866 2.3027559 0 P 0
L 2.0791338 2.4374015 2.1570866 2.4374015 0 P 0
L 2.0791338 3.0822835 2.0791338 3.2169291 0 P 0
L 2.0791338 3.0822835 2.1570866 3.0822835 0 P 0
L 2.0791338 3.2169291 2.1570866 3.2169291 0 P 0
L 2.0866142 1.9832677 2.0866142 2.0009843 0 P 0
L 2.0866142 3.9517716 2.0866142 3.9694882 0 P 0
L 2.1043307 1.9625984 2.1043307 2.0216536 0 P 0
L 2.1043307 2.3700787 2.1318897 2.3700787 0 P 0
L 2.1043307 3.1496063 2.1318897 3.1496063 0 P 0
L 2.1043307 3.9311023 2.1043307 3.9901575 0 P 0
L 2.1106299 3.4405512 2.1106299 3.5751968 0 P 0
L 2.1106299 3.4405512 2.1885827 3.4405512 0 P 0
L 2.1106299 3.5751968 2.1885827 3.5751968 0 P 0
L 2.1181102 2.3562992 2.1181102 2.3838582 0 P 0
L 2.1181102 3.1358268 2.1181102 3.1633858 0 P 0
L 2.1356299 1.7476378 2.1356299 2.18937 0 P 0
L 2.1356299 1.7476378 2.2066929 1.7476378 0 P 0
L 2.1356299 2.18937 2.2066929 2.18937 0 P 0
L 2.1356299 3.7161418 2.1356299 4.157874 0 P 0
L 2.1356299 3.7161418 2.2066929 3.7161418 0 P 0
L 2.1356299 4.157874 2.2066929 4.157874 0 P 0
L 2.1358268 3.507874 2.1633858 3.507874 0 P 0
L 2.1496063 3.4940945 2.1496063 3.5216535 0 P 0
L 2.1570866 2.3027559 2.1570866 2.4374015 0 P 0
L 2.1570866 3.0822835 2.1570866 3.2169291 0 P 0
L 2.1673229 2.305118 2.1673229 2.3641732 0 P 0
L 2.1673229 2.305118 2.2027559 2.305118 0 P 0
L 2.1673229 2.3641732 2.2027559 2.3641732 0 P 0
L 2.1673229 3.0964567 2.1673229 3.1555119 0 P 0
L 2.1673229 3.0964567 2.2027559 3.0964567 0 P 0
L 2.1673229 3.1555119 2.2027559 3.1555119 0 P 0
L 2.1761811 2.3346456 2.1938977 2.3346456 0 P 0
L 2.1761811 3.1259843 2.1938977 3.1259843 0 P 0
L 2.1850394 2.3257873 2.1850394 2.3435039 0 P 0
L 2.1850394 3.117126 2.1850394 3.1348426 0 P 0
L 2.1885827 3.4405512 2.1885827 3.5751968 0 P 0
L 2.2027559 2.305118 2.2027559 2.3641732 0 P 0
L 2.2027559 3.0964567 2.2027559 3.1555119 0 P 0
L 2.2066929 1.7330708 2.2066929 1.7476378 0 P 0
L 2.2066929 1.7330708 2.5177165 1.7330708 0 P 0
L 2.2066929 2.18937 2.2066929 2.203937 0 P 0
L 2.2066929 2.203937 2.5177165 2.203937 0 P 0
L 2.2066929 3.7015748 2.2066929 3.7161418 0 P 0
L 2.2066929 3.7015748 2.5177165 3.7015748 0 P 0
L 2.2066929 4.157874 2.2066929 4.172441 0 P 0
L 2.2066929 4.172441 2.5177165 4.172441 0 P 0
L 2.2181102 2.363189 2.2181102 2.7549212 0 P 0
L 2.2181102 2.363189 2.2755905 2.363189 0 P 0
L 2.2181102 2.7549212 2.2755905 2.7549212 0 P 0
L 2.2181102 3.1505906 2.2181102 3.5423228 0 P 0
L 2.2181102 3.1505906 2.2755905 3.1505906 0 P 0
L 2.2181102 3.5423228 2.2755905 3.5423228 0 P 0
L 2.2755905 2.3543307 2.2755905 2.363189 0 P 0
L 2.2755905 2.3543307 2.4488189 2.3543307 0 P 0
L 2.2755905 2.7549212 2.2755905 2.7637795 0 P 0
L 2.2755905 2.7637795 2.4488189 2.7637795 0 P 0
L 2.2755905 3.1417323 2.2755905 3.1505906 0 P 0
L 2.2755905 3.1417323 2.4488189 3.1417323 0 P 0
L 2.2755905 3.5423228 2.2755905 3.5511811 0 P 0
L 2.2755905 3.5511811 2.4488189 3.5511811 0 P 0
L 2.3484252 1.9685039 2.3759842 1.9685039 0 P 0
L 2.3484252 2.5590551 2.3759842 2.5590551 0 P 0
L 2.3484252 3.3464567 2.3759842 3.3464567 0 P 0
L 2.3484252 3.9370079 2.3759842 3.9370079 0 P 0
L 2.3622047 1.9547244 2.3622047 1.9822834 0 P 0
L 2.3622047 2.5452756 2.3622047 2.5728346 0 P 0
L 2.3622047 3.3326772 2.3622047 3.3602362 0 P 0
L 2.3622047 3.9232284 2.3622047 3.9507874 0 P 0
L 2.4488189 2.3543307 2.4488189 2.363189 0 P 0
L 2.4488189 2.363189 2.5062992 2.363189 0 P 0
L 2.4488189 2.7549212 2.4488189 2.7637795 0 P 0
L 2.4488189 2.7549212 2.5062992 2.7549212 0 P 0
L 2.4488189 3.1417323 2.4488189 3.1505906 0 P 0
L 2.4488189 3.1505906 2.5062992 3.1505906 0 P 0
L 2.4488189 3.5423228 2.4488189 3.5511811 0 P 0
L 2.4488189 3.5423228 2.5062992 3.5423228 0 P 0
L 2.5062992 2.363189 2.5062992 2.7549212 0 P 0
L 2.5062992 3.1505906 2.5062992 3.5423228 0 P 0
L 2.5177165 1.7330708 2.5177165 1.7476378 0 P 0
L 2.5177165 1.7476378 2.5887795 1.7476378 0 P 0
L 2.5177165 2.18937 2.5177165 2.203937 0 P 0
L 2.5177165 2.18937 2.5887795 2.18937 0 P 0
L 2.5177165 3.7015748 2.5177165 3.7161418 0 P 0
L 2.5177165 3.7161418 2.5887795 3.7161418 0 P 0
L 2.5177165 4.157874 2.5177165 4.172441 0 P 0
L 2.5177165 4.157874 2.5887795 4.157874 0 P 0
L 2.5887795 1.7476378 2.5887795 2.18937 0 P 0
L 2.5887795 3.7161418 2.5887795 4.157874 0 P 0
L 6.6329135 1.7116536 6.6329135 2.031653 1 P 0
L 6.6329135 1.7116536 6.7529133 1.7116536 1 P 0
L 6.6329135 2.031653 6.7529133 2.031653 1 P 0
L 6.6329135 2.1053544 6.6329135 2.4253538 1 P 0
L 6.6329135 2.1053544 6.7529133 2.1053544 1 P 0
L 6.6329135 2.4253538 6.7529133 2.4253538 1 P 0
L 6.6329135 2.4990552 6.6329135 2.8190546 1 P 0
L 6.6329135 2.4990552 6.7529133 2.4990552 1 P 0
L 6.6329135 2.8190546 6.7529133 2.8190546 1 P 0
L 6.6329135 2.892756 6.6329135 3.2127554 1 P 0
L 6.6329135 2.892756 6.7529133 2.892756 1 P 0
L 6.6329135 3.2127554 6.7529133 3.2127554 1 P 0
L 6.6329135 3.2864568 6.6329135 3.6064562 1 P 0
L 6.6329135 3.2864568 6.7529133 3.2864568 1 P 0
L 6.6329135 3.6064562 6.7529133 3.6064562 1 P 0
L 6.6329135 3.6801576 6.6329135 4.000157 1 P 0
L 6.6329135 3.6801576 6.7529133 3.6801576 1 P 0
L 6.6329135 4.000157 6.7529133 4.000157 1 P 0
L 6.6769134 1.7716535 6.7089134 1.7716535 1 P 0
L 6.6769134 2.1653543 6.7089134 2.1653543 1 P 0
L 6.6769134 2.5590551 6.7089134 2.5590551 1 P 0
L 6.6769134 2.9527559 6.7089134 2.9527559 1 P 0
L 6.6769134 3.3464567 6.7089134 3.3464567 1 P 0
L 6.6769134 3.7401575 6.7089134 3.7401575 1 P 0
L 6.6929134 1.7556535 6.6929134 1.7876535 1 P 0
L 6.6929134 2.1493543 6.6929134 2.1813543 1 P 0
L 6.6929134 2.5430551 6.6929134 2.5750551 1 P 0
L 6.6929134 2.9367559 6.6929134 2.9687559 1 P 0
L 6.6929134 3.3304567 6.6929134 3.3624567 1 P 0
L 6.6929134 3.7241575 6.6929134 3.7561575 1 P 0
L 6.7529133 1.7116536 6.7529133 2.031653 1 P 0
L 6.7529133 2.1053544 6.7529133 2.4253538 1 P 0
L 6.7529133 2.4990552 6.7529133 2.8190546 1 P 0
L 6.7529133 2.892756 6.7529133 3.2127554 1 P 0
L 6.7529133 3.2864568 6.7529133 3.6064562 1 P 0
L 6.7529133 3.6801576 6.7529133 4.000157 1 P 0
L 6.7633859 1.8311023 6.7633859 1.9090551 0 P 0
L 6.7633859 1.8311023 6.8980315 1.8311023 0 P 0
L 6.7633859 1.9090551 6.8980315 1.9090551 0 P 0
L 6.7633859 2.2248031 6.7633859 2.3027559 0 P 0
L 6.7633859 2.2248031 6.8980315 2.2248031 0 P 0
L 6.7633859 2.3027559 6.8980315 2.3027559 0 P 0
L 6.7633859 2.6185039 6.7633859 2.6964567 0 P 0
L 6.7633859 2.6185039 6.8980315 2.6185039 0 P 0
L 6.7633859 2.6964567 6.8980315 2.6964567 0 P 0
L 6.7633859 3.0122047 6.7633859 3.0901575 0 P 0
L 6.7633859 3.0122047 6.8980315 3.0122047 0 P 0
L 6.7633859 3.0901575 6.8980315 3.0901575 0 P 0
L 6.7633859 3.4059055 6.7633859 3.4838583 0 P 0
L 6.7633859 3.4059055 6.8980315 3.4059055 0 P 0
L 6.7633859 3.4838583 6.8980315 3.4838583 0 P 0
L 6.7633859 3.7996063 6.7633859 3.8775591 0 P 0
L 6.7633859 3.7996063 6.8980315 3.7996063 0 P 0
L 6.7633859 3.8775591 6.8980315 3.8775591 0 P 0
L 6.8169292 1.8700787 6.8444882 1.8700787 0 P 0
L 6.8169292 2.2637795 6.8444882 2.2637795 0 P 0
L 6.8169292 2.6574803 6.8444882 2.6574803 0 P 0
L 6.8169292 3.0511811 6.8444882 3.0511811 0 P 0
L 6.8169292 3.4448819 6.8444882 3.4448819 0 P 0
L 6.8169292 3.8385827 6.8444882 3.8385827 0 P 0
L 6.8307087 1.8562992 6.8307087 1.8838582 0 P 0
L 6.8307087 2.25 6.8307087 2.277559 0 P 0
L 6.8307087 2.6437008 6.8307087 2.6712598 0 P 0
L 6.8307087 3.0374016 6.8307087 3.0649606 0 P 0
L 6.8307087 3.4311024 6.8307087 3.4586614 0 P 0
L 6.8307087 3.8248032 6.8307087 3.8523622 0 P 0
L 6.8980315 1.8311023 6.8980315 1.9090551 0 P 0
L 6.8980315 2.2248031 6.8980315 2.3027559 0 P 0
L 6.8980315 2.6185039 6.8980315 2.6964567 0 P 0
L 6.8980315 3.0122047 6.8980315 3.0901575 0 P 0
L 6.8980315 3.4059055 6.8980315 3.4838583 0 P 0
L 6.8980315 3.7996063 6.8980315 3.8775591 0 P 0
